image: /home/minwoo/map/map.pgm
resolution: 0.050000
origin: [-11.800000, -27.251364, 0.000000]
negate: 0
occupied_thresh: 0.65
free_thresh: 0.196

